DOZE1_M2_Lower = {
	3100, 3100, 3100, 3100, 3100, 3100, 3100, 3100, 3100, 3100, 3100, 3100, 3100, 3100, 3100,
	3100, 3100, 3100, 3100, 3100, 3100, 3100, 3100, 3100, 3100, 3100, 3100, 3100, 3100, 3100,
	3100, 3100, 3100, 3100, 3100, 3100, 3100, 3100, 3100, 3100, 3100, 3100, 3100, 3100, 3100,
	3100, 3100, 3100, 3100, 3100, 3100, 3100, 3100, 3100, 3100, 3100, 3100, 3100, 3100, 3100,
	3100, 3100, 3100, 3100, 3100, 3100, 3100, 3100, 3100, 3100, 3100, 3100, 3100, 3100, 3100,
	3100, 3100, 3100, 3100, 3100, 3100, 3100, 3100, 3100, 3100, 3100, 3100, 3100, 3100, 3100,
	3100, 3100, 3100, 3100, 3100, 3100, 3100, 3100, 3100, 3100, 3100, 3100, 3100, 3100, 3100,
	3100, 3100, 3100, 3100, 3100, 3100, 3100, 3100, 3100, 3100, 3100, 3100, 3100, 3100, 3100,
	3100, 3100, 3100, 3100, 3100, 3100, 3100, 3100, 3100, 3100, 3100, 3100, 3100, 3100, 3100,
	3100, 3100, 3100, 3100, 3100, 3100, 3100, 3100, 3100, 3100, 3100, 3100, 3100, 3100, 3100,
	3100, 3100, 3100, 3100, 3100, 3100, 3100, 3100, 3100, 3100, 3100, 3100, 3100, 3100, 3100,
	3100, 3100, 3100, 3100, 3100, 3100, 3100, 3100, 3100, 3100, 3100, 3100, 3100, 3100, 3100,
	3100, 3100, 3100, 3100, 3100, 3100, 3100, 3100, 3100, 3100, 3100, 3100, 3100, 3100, 3100,
	3100, 3100, 3100, 3100, 3100, 3100, 3100, 3100, 3100, 3100, 3100, 3100, 3100, 3100, 3100,
	3100, 3100, 3100, 3100, 3100, 3100, 3100, 3100, 3100, 3100, 3100, 3100, 3100, 3100, 3100,
	3100, 3100, 3100, 3100, 3100, 3100, 3100, 3100, 3100, 3100, 3100, 3100, 3100, 3100, 3100,
	3100, 3100, 3100, 3100, 3100, 3100, 3100, 3100, 3100, 3100, 3100, 3100, 3100, 3100, 3100,
	3100, 3100, 3100, 3100, 3100, 3100, 3100, 3100, 3100, 3100, 3100, 3100, 3100, 3100, 3100,
	3100, 3100, 3100, 3100, 3100, 3100, 3100, 3100, 3100, 3100, 3100, 3100, 3100, 3100, 3100,
	3100, 3100, 3100, 3100, 3100, 3100, 3100, 3100, 3100, 3100, 3100, 3100, 3100, 3100, 3100,
	3100, 3100, 3100, 3100, 3100, 3100, 3100, 3100, 3100, 3100, 3100, 3100, 3100, 3100, 3100,
	3100, 3100, 3100, 3100, 3100, 3100, 3100, 3100, 3100, 3100, 3100, 3100, 3100, 3100, 3100,
	3100, 3100, 3100, 3100, 3100, 3100, 3100, 3100, 3100, 3100, 3100, 3100, 3100, 3100, 3100,
	3100, 3100, 3100, 3100, 3100, 3100, 3100, 3100, 3100, 3100, 3100, 3100, 3100, 3100, 3100,
	3100, 3100, 3100, 3100, 3100, 3100, 3100, 3100, 3100, 3100, 3100, 3100, 3100, 3100, 3100,
	3100, 3100, 3100, 3100, 3100, 3100, 3100, 3100, 3100, 3100, 3100, 3100, 3100, 3100, 3100,
}
DOZE1_M2_Upper = {
	5900, 5900, 5900, 5900, 5900, 5900, 5900, 5900, 5900, 5900, 5900, 5900, 5900, 5900, 5900,
	5900, 5900, 5900, 5900, 5900, 5900, 5900, 5900, 5900, 5900, 5900, 5900, 5900, 5900, 5900,
	5900, 5900, 5900, 5900, 5900, 5900, 5900, 5900, 5900, 5900, 5900, 5900, 5900, 5900, 5900,
	5900, 5900, 5900, 5900, 5900, 5900, 5900, 5900, 5900, 5900, 5900, 5900, 5900, 5900, 5900,
	5900, 5900, 5900, 5900, 5900, 5900, 5900, 5900, 5900, 5900, 5900, 5900, 5900, 5900, 5900,
	5900, 5900, 5900, 5900, 5900, 5900, 5900, 5900, 5900, 5900, 5900, 5900, 5900, 5900, 5900,
	5900, 5900, 5900, 5900, 5900, 5900, 5900, 5900, 5900, 5900, 5900, 5900, 5900, 5900, 5900,
	5900, 5900, 5900, 5900, 5900, 5900, 5900, 5900, 5900, 5900, 5900, 5900, 5900, 5900, 5900,
	5900, 5900, 5900, 5900, 5900, 5900, 5900, 5900, 5900, 5900, 5900, 5900, 5900, 5900, 5900,
	5900, 5900, 5900, 5900, 5900, 5900, 5900, 5900, 5900, 5900, 5900, 5900, 5900, 5900, 5900,
	5900, 5900, 5900, 5900, 5900, 5900, 5900, 5900, 5900, 5900, 5900, 5900, 5900, 5900, 5900,
	5900, 5900, 5900, 5900, 5900, 5900, 5900, 5900, 5900, 5900, 5900, 5900, 5900, 5900, 5900,
	5900, 5900, 5900, 5900, 5900, 5900, 5900, 5900, 5900, 5900, 5900, 5900, 5900, 5900, 5900,
	5900, 5900, 5900, 5900, 5900, 5900, 5900, 5900, 5900, 5900, 5900, 5900, 5900, 5900, 5900,
	5900, 5900, 5900, 5900, 5900, 5900, 5900, 5900, 5900, 5900, 5900, 5900, 5900, 5900, 5900,
	5900, 5900, 5900, 5900, 5900, 5900, 5900, 5900, 5900, 5900, 5900, 5900, 5900, 5900, 5900,
	5900, 5900, 5900, 5900, 5900, 5900, 5900, 5900, 5900, 5900, 5900, 5900, 5900, 5900, 5900,
	5900, 5900, 5900, 5900, 5900, 5900, 5900, 5900, 5900, 5900, 5900, 5900, 5900, 5900, 5900,
	5900, 5900, 5900, 5900, 5900, 5900, 5900, 5900, 5900, 5900, 5900, 5900, 5900, 5900, 5900,
	5900, 5900, 5900, 5900, 5900, 5900, 5900, 5900, 5900, 5900, 5900, 5900, 5900, 5900, 5900,
	5900, 5900, 5900, 5900, 5900, 5900, 5900, 5900, 5900, 5900, 5900, 5900, 5900, 5900, 5900,
	5900, 5900, 5900, 5900, 5900, 5900, 5900, 5900, 5900, 5900, 5900, 5900, 5900, 5900, 5900,
	5900, 5900, 5900, 5900, 5900, 5900, 5900, 5900, 5900, 5900, 5900, 5900, 5900, 5900, 5900,
	5900, 5900, 5900, 5900, 5900, 5900, 5900, 5900, 5900, 5900, 5900, 5900, 5900, 5900, 5900,
	5900, 5900, 5900, 5900, 5900, 5900, 5900, 5900, 5900, 5900, 5900, 5900, 5900, 5900, 5900,
	5900, 5900, 5900, 5900, 5900, 5900, 5900, 5900, 5900, 5900, 5900, 5900, 5900, 5900, 5900,
}
DOZE2_M2_Lower = {
	3100, 3100, 3100, 3100, 3100, 3100, 3100, 3100, 3100, 3100, 3100, 3100, 3100, 3100, 3100,
	3100, 3100, 3100, 3100, 3100, 3100, 3100, 3100, 3100, 3100, 3100, 3100, 3100, 3100, 3100,
	3100, 3100, 3100, 3100, 3100, 3100, 3100, 3100, 3100, 3100, 3100, 3100, 3100, 3100, 3100,
	3100, 3100, 3100, 3100, 3100, 3100, 3100, 3100, 3100, 3100, 3100, 3100, 3100, 3100, 3100,
	3100, 3100, 3100, 3100, 3100, 3100, 3100, 3100, 3100, 3100, 3100, 3100, 3100, 3100, 3100,
	3100, 3100, 3100, 3100, 3100, 3100, 3100, 3100, 3100, 3100, 3100, 3100, 3100, 3100, 3100,
	3100, 3100, 3100, 3100, 3100, 3100, 3100, 3100, 3100, 3100, 3100, 3100, 3100, 3100, 3100,
	3100, 3100, 3100, 3100, 3100, 3100, 3100, 3100, 3100, 3100, 3100, 3100, 3100, 3100, 3100,
	3100, 3100, 3100, 3100, 3100, 3100, 3100, 3100, 3100, 3100, 3100, 3100, 3100, 3100, 3100,
	3100, 3100, 3100, 3100, 3100, 3100, 3100, 3100, 3100, 3100, 3100, 3100, 3100, 3100, 3100,
	3100, 3100, 3100, 3100, 3100, 3100, 3100, 3100, 3100, 3100, 3100, 3100, 3100, 3100, 3100,
	3100, 3100, 3100, 3100, 3100, 3100, 3100, 3100, 3100, 3100, 3100, 3100, 3100, 3100, 3100,
	3100, 3100, 3100, 3100, 3100, 3100, 3100, 3100, 3100, 3100, 3100, 3100, 3100, 3100, 3100,
	3100, 3100, 3100, 3100, 3100, 3100, 3100, 3100, 3100, 3100, 3100, 3100, 3100, 3100, 3100,
	3100, 3100, 3100, 3100, 3100, 3100, 3100, 3100, 3100, 3100, 3100, 3100, 3100, 3100, 3100,
	3100, 3100, 3100, 3100, 3100, 3100, 3100, 3100, 3100, 3100, 3100, 3100, 3100, 3100, 3100,
	3100, 3100, 3100, 3100, 3100, 3100, 3100, 3100, 3100, 3100, 3100, 3100, 3100, 3100, 3100,
	3100, 3100, 3100, 3100, 3100, 3100, 3100, 3100, 3100, 3100, 3100, 3100, 3100, 3100, 3100,
	3100, 3100, 3100, 3100, 3100, 3100, 3100, 3100, 3100, 3100, 3100, 3100, 3100, 3100, 3100,
	3100, 3100, 3100, 3100, 3100, 3100, 3100, 3100, 3100, 3100, 3100, 3100, 3100, 3100, 3100,
	3100, 3100, 3100, 3100, 3100, 3100, 3100, 3100, 3100, 3100, 3100, 3100, 3100, 3100, 3100,
	3100, 3100, 3100, 3100, 3100, 3100, 3100, 3100, 3100, 3100, 3100, 3100, 3100, 3100, 3100,
	3100, 3100, 3100, 3100, 3100, 3100, 3100, 3100, 3100, 3100, 3100, 3100, 3100, 3100, 3100,
	3100, 3100, 3100, 3100, 3100, 3100, 3100, 3100, 3100, 3100, 3100, 3100, 3100, 3100, 3100,
	3100, 3100, 3100, 3100, 3100, 3100, 3100, 3100, 3100, 3100, 3100, 3100, 3100, 3100, 3100,
	3100, 3100, 3100, 3100, 3100, 3100, 3100, 3100, 3100, 3100, 3100, 3100, 3100, 3100, 3100,
}
DOZE2_M2_Upper = {
	5900, 5900, 5900, 5900, 5900, 5900, 5900, 5900, 5900, 5900, 5900, 5900, 5900, 5900, 5900,
	5900, 5900, 5900, 5900, 5900, 5900, 5900, 5900, 5900, 5900, 5900, 5900, 5900, 5900, 5900,
	5900, 5900, 5900, 5900, 5900, 5900, 5900, 5900, 5900, 5900, 5900, 5900, 5900, 5900, 5900,
	5900, 5900, 5900, 5900, 5900, 5900, 5900, 5900, 5900, 5900, 5900, 5900, 5900, 5900, 5900,
	5900, 5900, 5900, 5900, 5900, 5900, 5900, 5900, 5900, 5900, 5900, 5900, 5900, 5900, 5900,
	5900, 5900, 5900, 5900, 5900, 5900, 5900, 5900, 5900, 5900, 5900, 5900, 5900, 5900, 5900,
	5900, 5900, 5900, 5900, 5900, 5900, 5900, 5900, 5900, 5900, 5900, 5900, 5900, 5900, 5900,
	5900, 5900, 5900, 5900, 5900, 5900, 5900, 5900, 5900, 5900, 5900, 5900, 5900, 5900, 5900,
	5900, 5900, 5900, 5900, 5900, 5900, 5900, 5900, 5900, 5900, 5900, 5900, 5900, 5900, 5900,
	5900, 5900, 5900, 5900, 5900, 5900, 5900, 5900, 5900, 5900, 5900, 5900, 5900, 5900, 5900,
	5900, 5900, 5900, 5900, 5900, 5900, 5900, 5900, 5900, 5900, 5900, 5900, 5900, 5900, 5900,
	5900, 5900, 5900, 5900, 5900, 5900, 5900, 5900, 5900, 5900, 5900, 5900, 5900, 5900, 5900,
	5900, 5900, 5900, 5900, 5900, 5900, 5900, 5900, 5900, 5900, 5900, 5900, 5900, 5900, 5900,
	5900, 5900, 5900, 5900, 5900, 5900, 5900, 5900, 5900, 5900, 5900, 5900, 5900, 5900, 5900,
	5900, 5900, 5900, 5900, 5900, 5900, 5900, 5900, 5900, 5900, 5900, 5900, 5900, 5900, 5900,
	5900, 5900, 5900, 5900, 5900, 5900, 5900, 5900, 5900, 5900, 5900, 5900, 5900, 5900, 5900,
	5900, 5900, 5900, 5900, 5900, 5900, 5900, 5900, 5900, 5900, 5900, 5900, 5900, 5900, 5900,
	5900, 5900, 5900, 5900, 5900, 5900, 5900, 5900, 5900, 5900, 5900, 5900, 5900, 5900, 5900,
	5900, 5900, 5900, 5900, 5900, 5900, 5900, 5900, 5900, 5900, 5900, 5900, 5900, 5900, 5900,
	5900, 5900, 5900, 5900, 5900, 5900, 5900, 5900, 5900, 5900, 5900, 5900, 5900, 5900, 5900,
	5900, 5900, 5900, 5900, 5900, 5900, 5900, 5900, 5900, 5900, 5900, 5900, 5900, 5900, 5900,
	5900, 5900, 5900, 5900, 5900, 5900, 5900, 5900, 5900, 5900, 5900, 5900, 5900, 5900, 5900,
	5900, 5900, 5900, 5900, 5900, 5900, 5900, 5900, 5900, 5900, 5900, 5900, 5900, 5900, 5900,
	5900, 5900, 5900, 5900, 5900, 5900, 5900, 5900, 5900, 5900, 5900, 5900, 5900, 5900, 5900,
	5900, 5900, 5900, 5900, 5900, 5900, 5900, 5900, 5900, 5900, 5900, 5900, 5900, 5900, 5900,
	5900, 5900, 5900, 5900, 5900, 5900, 5900, 5900, 5900, 5900, 5900, 5900, 5900, 5900, 5900,
}
DOZE2_M1_Lower = {
	200, 200, 200, 200, 200, 200, 200, 200, 200, 200, 200, 200, 200, 200, 200,
	200, 200, 200, 200, 200, 200, 200, 200, 200, 200, 200, 200, 200, 200, 200,
	200, 200, 200, 200, 200, 200, 200, 200, 200, 200, 200, 200, 200, 200, 200,
	200, 200, 200, 200, 200, 200, 200, 200, 200, 200, 200, 200, 200, 200, 200,
	200, 200, 200, 200, 200, 200, 200, 200, 200, 200, 200, 200, 200, 200, 200,
	200, 200, 200, 200, 200, 200, 200, 200, 200, 200, 200, 200, 200, 200, 200,
	200, 200, 200, 200, 200, 200, 200, 200, 200, 200, 200, 200, 200, 200, 200,
	200, 200, 200, 200, 200, 200, 200, 200, 200, 200, 200, 200, 200, 200, 200,
	200, 200, 200, 200, 200, 200, 200, 200, 200, 200, 200, 200, 200, 200, 200,
	200, 200, 200, 200, 200, 200, 200, 200, 200, 200, 200, 200, 200, 200, 200,
	200, 200, 200, 200, 200, 200, 200, 200, 200, 200, 200, 200, 200, 200, 200,
	200, 200, 200, 200, 200, 200, 200, 200, 200, 200, 200, 200, 200, 200, 200,
	200, 200, 200, 200, 200, 200, 200, 200, 200, 200, 200, 200, 200, 200, 200,
	200, 200, 200, 200, 200, 200, 200, 200, 200, 200, 200, 200, 200, 200, 200,
	200, 200, 200, 200, 200, 200, 200, 200, 200, 200, 200, 200, 200, 200, 200,
	200, 200, 200, 200, 200, 200, 200, 200, 200, 200, 200, 200, 200, 200, 200,
	200, 200, 200, 200, 200, 200, 200, 200, 200, 200, 200, 200, 200, 200, 200,
	200, 200, 200, 200, 200, 200, 200, 200, 200, 200, 200, 200, 200, 200, 200,
	200, 200, 200, 200, 200, 200, 200, 200, 200, 200, 200, 200, 200, 200, 200,
	200, 200, 200, 200, 200, 200, 200, 200, 200, 200, 200, 200, 200, 200, 200,
	200, 200, 200, 200, 200, 200, 200, 200, 200, 200, 200, 200, 200, 200, 200,
	200, 200, 200, 200, 200, 200, 200, 200, 200, 200, 200, 200, 200, 200, 200,
	200, 200, 200, 200, 200, 200, 200, 200, 200, 200, 200, 200, 200, 200, 200,
	200, 200, 200, 200, 200, 200, 200, 200, 200, 200, 200, 200, 200, 200, 200,
	200, 200, 200, 200, 200, 200, 200, 200, 200, 200, 200, 200, 200, 200, 200,
	200, 200, 200, 200, 200, 200, 200, 200, 200, 200, 200, 200, 200, 200, 200,
}
DOZE2_M1_Upper = {
	1800, 1800, 1800, 1800, 1800, 1800, 1800, 1800, 1800, 1800, 1800, 1800, 1800, 1800, 1800,
	1800, 1800, 1800, 1800, 1800, 1800, 1800, 1800, 1800, 1800, 1800, 1800, 1800, 1800, 1800,
	1800, 1800, 1800, 1800, 1800, 1800, 1800, 1800, 1800, 1800, 1800, 1800, 1800, 1800, 1800,
	1800, 1800, 1800, 1800, 1800, 1800, 1800, 1800, 1800, 1800, 1800, 1800, 1800, 1800, 1800,
	1800, 1800, 1800, 1800, 1800, 1800, 1800, 1800, 1800, 1800, 1800, 1800, 1800, 1800, 1800,
	1800, 1800, 1800, 1800, 1800, 1800, 1800, 1800, 1800, 1800, 1800, 1800, 1800, 1800, 1800,
	1800, 1800, 1800, 1800, 1800, 1800, 1800, 1800, 1800, 1800, 1800, 1800, 1800, 1800, 1800,
	1800, 1800, 1800, 1800, 1800, 1800, 1800, 1800, 1800, 1800, 1800, 1800, 1800, 1800, 1800,
	1800, 1800, 1800, 1800, 1800, 1800, 1800, 1800, 1800, 1800, 1800, 1800, 1800, 1800, 1800,
	1800, 1800, 1800, 1800, 1800, 1800, 1800, 1800, 1800, 1800, 1800, 1800, 1800, 1800, 1800,
	1800, 1800, 1800, 1800, 1800, 1800, 1800, 1800, 1800, 1800, 1800, 1800, 1800, 1800, 1800,
	1800, 1800, 1800, 1800, 1800, 1800, 1800, 1800, 1800, 1800, 1800, 1800, 1800, 1800, 1800,
	1800, 1800, 1800, 1800, 1800, 1800, 1800, 1800, 1800, 1800, 1800, 1800, 1800, 1800, 1800,
	1800, 1800, 1800, 1800, 1800, 1800, 1800, 1800, 1800, 1800, 1800, 1800, 1800, 1800, 1800,
	1800, 1800, 1800, 1800, 1800, 1800, 1800, 1800, 1800, 1800, 1800, 1800, 1800, 1800, 1800,
	1800, 1800, 1800, 1800, 1800, 1800, 1800, 1800, 1800, 1800, 1800, 1800, 1800, 1800, 1800,
	1800, 1800, 1800, 1800, 1800, 1800, 1800, 1800, 1800, 1800, 1800, 1800, 1800, 1800, 1800,
	1800, 1800, 1800, 1800, 1800, 1800, 1800, 1800, 1800, 1800, 1800, 1800, 1800, 1800, 1800,
	1800, 1800, 1800, 1800, 1800, 1800, 1800, 1800, 1800, 1800, 1800, 1800, 1800, 1800, 1800,
	1800, 1800, 1800, 1800, 1800, 1800, 1800, 1800, 1800, 1800, 1800, 1800, 1800, 1800, 1800,
	1800, 1800, 1800, 1800, 1800, 1800, 1800, 1800, 1800, 1800, 1800, 1800, 1800, 1800, 1800,
	1800, 1800, 1800, 1800, 1800, 1800, 1800, 1800, 1800, 1800, 1800, 1800, 1800, 1800, 1800,
	1800, 1800, 1800, 1800, 1800, 1800, 1800, 1800, 1800, 1800, 1800, 1800, 1800, 1800, 1800,
	1800, 1800, 1800, 1800, 1800, 1800, 1800, 1800, 1800, 1800, 1800, 1800, 1800, 1800, 1800,
	1800, 1800, 1800, 1800, 1800, 1800, 1800, 1800, 1800, 1800, 1800, 1800, 1800, 1800, 1800,
	1800, 1800, 1800, 1800, 1800, 1800, 1800, 1800, 1800, 1800, 1800, 1800, 1800, 1800, 1800,
}
DOZE1_BLU_JITTER_Lower = {
	0, 0, 0, 0, 0, 0, 0, 0, 0, 0, 0, 0, 0, 0, 0,
	0, 0, 0, 0, 0, 0, 0, 0, 0, 0, 0, 0, 0, 0, 0,
	0, 0, 0, 0, 0, 0, 0, 0, 0, 0, 0, 0, 0, 0, 0,
	0, 0, 0, 0, 0, 0, 0, 0, 0, 0, 0, 0, 0, 0, 0,
	0, 0, 0, 0, 0, 0, 0, 0, 0, 0, 0, 0, 0, 0, 0,
	0, 0, 0, 0, 0, 0, 0, 0, 0, 0, 0, 0, 0, 0, 0,
	0, 0, 0, 0, 0, 0, 0, 0, 0, 0, 0, 0, 0, 0, 0,
	0, 0, 0, 0, 0, 0, 0, 0, 0, 0, 0, 0, 0, 0, 0,
	0, 0, 0, 0, 0, 0, 0, 0, 0, 0, 0, 0, 0, 0, 0,
	0, 0, 0, 0, 0, 0, 0, 0, 0, 0, 0, 0, 0, 0, 0,
	0, 0, 0, 0, 0, 0, 0, 0, 0, 0, 0, 0, 0, 0, 0,
	0, 0, 0, 0, 0, 0, 0, 0, 0, 0, 0, 0, 0, 0, 0,
	0, 0, 0, 0, 0, 0, 0, 0, 0, 0, 0, 0, 0, 0, 0,
	0, 0, 0, 0, 0, 0, 0, 0, 0, 0, 0, 0, 0, 0, 0,
	0, 0, 0, 0, 0, 0, 0, 0, 0, 0, 0, 0, 0, 0, 0,
	0, 0, 0, 0, 0, 0, 0, 0, 0, 0, 0, 0, 0, 0, 0,
	0, 0, 0, 0, 0, 0, 0, 0, 0, 0, 0, 0, 0, 0, 0,
	0, 0, 0, 0, 0, 0, 0, 0, 0, 0, 0, 0, 0, 0, 0,
	0, 0, 0, 0, 0, 0, 0, 0, 0, 0, 0, 0, 0, 0, 0,
	0, 0, 0, 0, 0, 0, 0, 0, 0, 0, 0, 0, 0, 0, 0,
	0, 0, 0, 0, 0, 0, 0, 0, 0, 0, 0, 0, 0, 0, 0,
	0, 0, 0, 0, 0, 0, 0, 0, 0, 0, 0, 0, 0, 0, 0,
	0, 0, 0, 0, 0, 0, 0, 0, 0, 0, 0, 0, 0, 0, 0,
	0, 0, 0, 0, 0, 0, 0, 0, 0, 0, 0, 0, 0, 0, 0,
	0, 0, 0, 0, 0, 0, 0, 0, 0, 0, 0, 0, 0, 0, 0,
	0, 0, 0, 0, 0, 0, 0, 0, 0, 0, 0, 0, 0, 0, 0,
}
DOZE1_BLU_JITTER_Upper = {
	85, 85, 85, 85, 85, 85, 85, 85, 85, 85, 85, 85, 85, 85, 85,
	85, 85, 85, 85, 85, 85, 85, 85, 85, 85, 85, 85, 85, 85, 85,
	85, 85, 85, 85, 85, 85, 85, 85, 85, 85, 85, 85, 85, 85, 85,
	85, 85, 85, 85, 85, 85, 85, 85, 85, 85, 85, 85, 85, 85, 85,
	85, 85, 85, 85, 85, 85, 85, 85, 85, 85, 85, 85, 85, 85, 85,
	85, 85, 85, 85, 85, 85, 85, 85, 85, 85, 85, 85, 85, 85, 85,
	85, 85, 85, 85, 85, 85, 85, 85, 85, 85, 85, 85, 85, 85, 85,
	85, 85, 85, 85, 85, 85, 85, 85, 85, 85, 85, 85, 85, 85, 85,
	85, 85, 85, 85, 85, 85, 85, 85, 85, 85, 85, 85, 85, 85, 85,
	85, 85, 85, 85, 85, 85, 85, 85, 85, 85, 85, 85, 85, 85, 85,
	85, 85, 85, 85, 85, 85, 85, 85, 85, 85, 85, 85, 85, 85, 85,
	85, 85, 85, 85, 85, 85, 85, 85, 85, 85, 85, 85, 85, 85, 85,
	85, 85, 85, 85, 85, 85, 85, 85, 85, 85, 85, 85, 85, 85, 85,
	85, 85, 85, 85, 85, 85, 85, 85, 85, 85, 85, 85, 85, 85, 85,
	85, 85, 85, 85, 85, 85, 85, 85, 85, 85, 85, 85, 85, 85, 85,
	85, 85, 85, 85, 85, 85, 85, 85, 85, 85, 85, 85, 85, 85, 85,
	85, 85, 85, 85, 85, 85, 85, 85, 85, 85, 85, 85, 85, 85, 85,
	85, 85, 85, 85, 85, 85, 85, 85, 85, 85, 85, 85, 85, 85, 85,
	85, 85, 85, 85, 85, 85, 85, 85, 85, 85, 85, 85, 85, 85, 85,
	85, 85, 85, 85, 85, 85, 85, 85, 85, 85, 85, 85, 85, 85, 85,
	85, 85, 85, 85, 85, 85, 85, 85, 85, 85, 85, 85, 85, 85, 85,
	85, 85, 85, 85, 85, 85, 85, 85, 85, 85, 85, 85, 85, 85, 85,
	85, 85, 85, 85, 85, 85, 85, 85, 85, 85, 85, 85, 85, 85, 85,
	85, 85, 85, 85, 85, 85, 85, 85, 85, 85, 85, 85, 85, 85, 85,
	85, 85, 85, 85, 85, 85, 85, 85, 85, 85, 85, 85, 85, 85, 85,
	85, 85, 85, 85, 85, 85, 85, 85, 85, 85, 85, 85, 85, 85, 85,
}
NOISE_COUNT = {
	3,
}
NOISE_TH = {
	45,
}
NOISE_FRAME = {
	150,
}