U3_M2_Lower = {
	3400, 3400, 3400, 3400, 3400, 3400, 3400, 3400, 3400, 3400, 3400, 3400, 3400, 3400, 3400,
	3400, 3400, 3400, 3400, 3400, 3400, 3400, 3400, 3400, 3400, 3400, 3400, 3400, 3400, 3400,
	3400, 3400, 3400, 3400, 3400, 3400, 3400, 3400, 3400, 3400, 3400, 3400, 3400, 3400, 3400,
	3400, 3400, 3400, 3400, 3400, 3400, 3400, 3400, 3400, 3400, 3400, 3400, 3400, 3400, 3400,
	3400, 3400, 3400, 3400, 3400, 3400, 3400, 3400, 3400, 3400, 3400, 3400, 3400, 3400, 3400,
	3400, 3400, 3400, 3400, 3400, 3400, 3400, 3400, 3400, 3400, 3400, 3400, 3400, 3400, 3400,
	3400, 3400, 3400, 3400, 3400, 3400, 3400, 3400, 3400, 3400, 3400, 3400, 3400, 3400, 3400,
	3400, 3400, 3400, 3400, 3400, 3400, 3400, 3400, 3400, 3400, 3400, 3400, 3400, 3400, 3400,
	3400, 3400, 3400, 3400, 3400, 3400, 3400, 3400, 3400, 3400, 3400, 3400, 3400, 3400, 3400,
	3400, 3400, 3400, 3400, 3400, 3400, 3400, 3400, 3400, 3400, 3400, 3400, 3400, 3400, 3400,
	3400, 3400, 3400, 3400, 3400, 3400, 3400, 3400, 3400, 3400, 3400, 3400, 3400, 3400, 3400,
	3400, 3400, 3400, 3400, 3400, 3400, 3400, 3400, 3400, 3400, 3400, 3400, 3400, 3400, 3400,
	3400, 3400, 3400, 3400, 3400, 3400, 3400, 3400, 3400, 3400, 3400, 3400, 3400, 3400, 3400,
	3400, 3400, 3400, 3400, 3400, 3400, 3400, 3400, 3400, 3400, 3400, 3400, 3400, 3400, 3400,
	3400, 3400, 3400, 3400, 3400, 3400, 3400, 3400, 3400, 3400, 3400, 3400, 3400, 3400, 3400,
	3400, 3400, 3400, 3400, 3400, 3400, 3400, 3400, 3400, 3400, 3400, 3400, 3400, 3400, 3400,
	3400, 3400, 3400, 3400, 3400, 3400, 3400, 3400, 3400, 3400, 3400, 3400, 3400, 3400, 3400,
	3400, 3400, 3400, 3400, 3400, 3400, 3400, 3400, 3400, 3400, 3400, 3400, 3400, 3400, 3400,
	3400, 3400, 3400, 3400, 3400, 3400, 3400, 3400, 3400, 3400, 3400, 3400, 3400, 3400, 3400,
	3400, 3400, 3400, 3400, 3400, 3400, 3400, 3400, 3400, 3400, 3400, 3400, 3400, 3400, 3400,
	3400, 3400, 3400, 3400, 3400, 3400, 3400, 3400, 3400, 3400, 3400, 3400, 3400, 3400, 3400,
	3400, 3400, 3400, 3400, 3400, 3400, 3400, 3400, 3400, 3400, 3400, 3400, 3400, 3400, 3400,
	3400, 3400, 3400, 3400, 3400, 3400, 3400, 3400, 3400, 3400, 3400, 3400, 3400, 3400, 3400,
	3400, 3400, 3400, 3400, 3400, 3400, 3400, 3400, 3400, 3400, 3400, 3400, 3400, 3400, 3400,
	3400, 3400, 3400, 3400, 3400, 3400, 3400, 3400, 3400, 3400, 3400, 3400, 3400, 3400, 3400,
	3400, 3400, 3400, 3400, 3400, 3400, 3400, 3400, 3400, 3400, 3400, 3400, 3400, 3400, 3400,
}
U3_M2_Upper = {
	5600, 5600, 5600, 5600, 5600, 5600, 5600, 5600, 5600, 5600, 5600, 5600, 5600, 5600, 5600,
	5600, 5600, 5600, 5600, 5600, 5600, 5600, 5600, 5600, 5600, 5600, 5600, 5600, 5600, 5600,
	5600, 5600, 5600, 5600, 5600, 5600, 5600, 5600, 5600, 5600, 5600, 5600, 5600, 5600, 5600,
	5600, 5600, 5600, 5600, 5600, 5600, 5600, 5600, 5600, 5600, 5600, 5600, 5600, 5600, 5600,
	5600, 5600, 5600, 5600, 5600, 5600, 5600, 5600, 5600, 5600, 5600, 5600, 5600, 5600, 5600,
	5600, 5600, 5600, 5600, 5600, 5600, 5600, 5600, 5600, 5600, 5600, 5600, 5600, 5600, 5600,
	5600, 5600, 5600, 5600, 5600, 5600, 5600, 5600, 5600, 5600, 5600, 5600, 5600, 5600, 5600,
	5600, 5600, 5600, 5600, 5600, 5600, 5600, 5600, 5600, 5600, 5600, 5600, 5600, 5600, 5600,
	5600, 5600, 5600, 5600, 5600, 5600, 5600, 5600, 5600, 5600, 5600, 5600, 5600, 5600, 5600,
	5600, 5600, 5600, 5600, 5600, 5600, 5600, 5600, 5600, 5600, 5600, 5600, 5600, 5600, 5600,
	5600, 5600, 5600, 5600, 5600, 5600, 5600, 5600, 5600, 5600, 5600, 5600, 5600, 5600, 5600,
	5600, 5600, 5600, 5600, 5600, 5600, 5600, 5600, 5600, 5600, 5600, 5600, 5600, 5600, 5600,
	5600, 5600, 5600, 5600, 5600, 5600, 5600, 5600, 5600, 5600, 5600, 5600, 5600, 5600, 5600,
	5600, 5600, 5600, 5600, 5600, 5600, 5600, 5600, 5600, 5600, 5600, 5600, 5600, 5600, 5600,
	5600, 5600, 5600, 5600, 5600, 5600, 5600, 5600, 5600, 5600, 5600, 5600, 5600, 5600, 5600,
	5600, 5600, 5600, 5600, 5600, 5600, 5600, 5600, 5600, 5600, 5600, 5600, 5600, 5600, 5600,
	5600, 5600, 5600, 5600, 5600, 5600, 5600, 5600, 5600, 5600, 5600, 5600, 5600, 5600, 5600,
	5600, 5600, 5600, 5600, 5600, 5600, 5600, 5600, 5600, 5600, 5600, 5600, 5600, 5600, 5600,
	5600, 5600, 5600, 5600, 5600, 5600, 5600, 5600, 5600, 5600, 5600, 5600, 5600, 5600, 5600,
	5600, 5600, 5600, 5600, 5600, 5600, 5600, 5600, 5600, 5600, 5600, 5600, 5600, 5600, 5600,
	5600, 5600, 5600, 5600, 5600, 5600, 5600, 5600, 5600, 5600, 5600, 5600, 5600, 5600, 5600,
	5600, 5600, 5600, 5600, 5600, 5600, 5600, 5600, 5600, 5600, 5600, 5600, 5600, 5600, 5600,
	5600, 5600, 5600, 5600, 5600, 5600, 5600, 5600, 5600, 5600, 5600, 5600, 5600, 5600, 5600,
	5600, 5600, 5600, 5600, 5600, 5600, 5600, 5600, 5600, 5600, 5600, 5600, 5600, 5600, 5600,
	5600, 5600, 5600, 5600, 5600, 5600, 5600, 5600, 5600, 5600, 5600, 5600, 5600, 5600, 5600,
	5600, 5600, 5600, 5600, 5600, 5600, 5600, 5600, 5600, 5600, 5600, 5600, 5600, 5600, 5600,
}
U0_M2_Lower = {
	3400, 3400, 3400, 3400, 3400, 3400, 3400, 3400, 3400, 3400, 3400, 3400, 3400, 3400, 3400,
	3400, 3400, 3400, 3400, 3400, 3400, 3400, 3400, 3400, 3400, 3400, 3400, 3400, 3400, 3400,
	3400, 3400, 3400, 3400, 3400, 3400, 3400, 3400, 3400, 3400, 3400, 3400, 3400, 3400, 3400,
	3400, 3400, 3400, 3400, 3400, 3400, 3400, 3400, 3400, 3400, 3400, 3400, 3400, 3400, 3400,
	3400, 3400, 3400, 3400, 3400, 3400, 3400, 3400, 3400, 3400, 3400, 3400, 3400, 3400, 3400,
	3400, 3400, 3400, 3400, 3400, 3400, 3400, 3400, 3400, 3400, 3400, 3400, 3400, 3400, 3400,
	3400, 3400, 3400, 3400, 3400, 3400, 3400, 3400, 3400, 3400, 3400, 3400, 3400, 3400, 3400,
	3400, 3400, 3400, 3400, 3400, 3400, 3400, 3400, 3400, 3400, 3400, 3400, 3400, 3400, 3400,
	3400, 3400, 3400, 3400, 3400, 3400, 3400, 3400, 3400, 3400, 3400, 3400, 3400, 3400, 3400,
	3400, 3400, 3400, 3400, 3400, 3400, 3400, 3400, 3400, 3400, 3400, 3400, 3400, 3400, 3400,
	3400, 3400, 3400, 3400, 3400, 3400, 3400, 3400, 3400, 3400, 3400, 3400, 3400, 3400, 3400,
	3400, 3400, 3400, 3400, 3400, 3400, 3400, 3400, 3400, 3400, 3400, 3400, 3400, 3400, 3400,
	3400, 3400, 3400, 3400, 3400, 3400, 3400, 3400, 3400, 3400, 3400, 3400, 3400, 3400, 3400,
	3400, 3400, 3400, 3400, 3400, 3400, 3400, 3400, 3400, 3400, 3400, 3400, 3400, 3400, 3400,
	3400, 3400, 3400, 3400, 3400, 3400, 3400, 3400, 3400, 3400, 3400, 3400, 3400, 3400, 3400,
	3400, 3400, 3400, 3400, 3400, 3400, 3400, 3400, 3400, 3400, 3400, 3400, 3400, 3400, 3400,
	3400, 3400, 3400, 3400, 3400, 3400, 3400, 3400, 3400, 3400, 3400, 3400, 3400, 3400, 3400,
	3400, 3400, 3400, 3400, 3400, 3400, 3400, 3400, 3400, 3400, 3400, 3400, 3400, 3400, 3400,
	3400, 3400, 3400, 3400, 3400, 3400, 3400, 3400, 3400, 3400, 3400, 3400, 3400, 3400, 3400,
	3400, 3400, 3400, 3400, 3400, 3400, 3400, 3400, 3400, 3400, 3400, 3400, 3400, 3400, 3400,
	3400, 3400, 3400, 3400, 3400, 3400, 3400, 3400, 3400, 3400, 3400, 3400, 3400, 3400, 3400,
	3400, 3400, 3400, 3400, 3400, 3400, 3400, 3400, 3400, 3400, 3400, 3400, 3400, 3400, 3400,
	3400, 3400, 3400, 3400, 3400, 3400, 3400, 3400, 3400, 3400, 3400, 3400, 3400, 3400, 3400,
	3400, 3400, 3400, 3400, 3400, 3400, 3400, 3400, 3400, 3400, 3400, 3400, 3400, 3400, 3400,
	3400, 3400, 3400, 3400, 3400, 3400, 3400, 3400, 3400, 3400, 3400, 3400, 3400, 3400, 3400,
	3400, 3400, 3400, 3400, 3400, 3400, 3400, 3400, 3400, 3400, 3400, 3400, 3400, 3400, 3400,
}
U0_M2_Upper = {
	5600, 5600, 5600, 5600, 5600, 5600, 5600, 5600, 5600, 5600, 5600, 5600, 5600, 5600, 5600,
	5600, 5600, 5600, 5600, 5600, 5600, 5600, 5600, 5600, 5600, 5600, 5600, 5600, 5600, 5600,
	5600, 5600, 5600, 5600, 5600, 5600, 5600, 5600, 5600, 5600, 5600, 5600, 5600, 5600, 5600,
	5600, 5600, 5600, 5600, 5600, 5600, 5600, 5600, 5600, 5600, 5600, 5600, 5600, 5600, 5600,
	5600, 5600, 5600, 5600, 5600, 5600, 5600, 5600, 5600, 5600, 5600, 5600, 5600, 5600, 5600,
	5600, 5600, 5600, 5600, 5600, 5600, 5600, 5600, 5600, 5600, 5600, 5600, 5600, 5600, 5600,
	5600, 5600, 5600, 5600, 5600, 5600, 5600, 5600, 5600, 5600, 5600, 5600, 5600, 5600, 5600,
	5600, 5600, 5600, 5600, 5600, 5600, 5600, 5600, 5600, 5600, 5600, 5600, 5600, 5600, 5600,
	5600, 5600, 5600, 5600, 5600, 5600, 5600, 5600, 5600, 5600, 5600, 5600, 5600, 5600, 5600,
	5600, 5600, 5600, 5600, 5600, 5600, 5600, 5600, 5600, 5600, 5600, 5600, 5600, 5600, 5600,
	5600, 5600, 5600, 5600, 5600, 5600, 5600, 5600, 5600, 5600, 5600, 5600, 5600, 5600, 5600,
	5600, 5600, 5600, 5600, 5600, 5600, 5600, 5600, 5600, 5600, 5600, 5600, 5600, 5600, 5600,
	5600, 5600, 5600, 5600, 5600, 5600, 5600, 5600, 5600, 5600, 5600, 5600, 5600, 5600, 5600,
	5600, 5600, 5600, 5600, 5600, 5600, 5600, 5600, 5600, 5600, 5600, 5600, 5600, 5600, 5600,
	5600, 5600, 5600, 5600, 5600, 5600, 5600, 5600, 5600, 5600, 5600, 5600, 5600, 5600, 5600,
	5600, 5600, 5600, 5600, 5600, 5600, 5600, 5600, 5600, 5600, 5600, 5600, 5600, 5600, 5600,
	5600, 5600, 5600, 5600, 5600, 5600, 5600, 5600, 5600, 5600, 5600, 5600, 5600, 5600, 5600,
	5600, 5600, 5600, 5600, 5600, 5600, 5600, 5600, 5600, 5600, 5600, 5600, 5600, 5600, 5600,
	5600, 5600, 5600, 5600, 5600, 5600, 5600, 5600, 5600, 5600, 5600, 5600, 5600, 5600, 5600,
	5600, 5600, 5600, 5600, 5600, 5600, 5600, 5600, 5600, 5600, 5600, 5600, 5600, 5600, 5600,
	5600, 5600, 5600, 5600, 5600, 5600, 5600, 5600, 5600, 5600, 5600, 5600, 5600, 5600, 5600,
	5600, 5600, 5600, 5600, 5600, 5600, 5600, 5600, 5600, 5600, 5600, 5600, 5600, 5600, 5600,
	5600, 5600, 5600, 5600, 5600, 5600, 5600, 5600, 5600, 5600, 5600, 5600, 5600, 5600, 5600,
	5600, 5600, 5600, 5600, 5600, 5600, 5600, 5600, 5600, 5600, 5600, 5600, 5600, 5600, 5600,
	5600, 5600, 5600, 5600, 5600, 5600, 5600, 5600, 5600, 5600, 5600, 5600, 5600, 5600, 5600,
	5600, 5600, 5600, 5600, 5600, 5600, 5600, 5600, 5600, 5600, 5600, 5600, 5600, 5600, 5600,
}
U0_M1_Lower = {
	250, 250, 250, 250, 250, 250, 250, 250, 250, 250, 250, 250, 250, 250, 250,
	250, 250, 250, 250, 250, 250, 250, 250, 250, 250, 250, 250, 250, 250, 250,
	250, 250, 250, 250, 250, 250, 250, 250, 250, 250, 250, 250, 250, 250, 250,
	250, 250, 250, 250, 250, 250, 250, 250, 250, 250, 250, 250, 250, 250, 250,
	250, 250, 250, 250, 250, 250, 250, 250, 250, 250, 250, 250, 250, 250, 250,
	250, 250, 250, 250, 250, 250, 250, 250, 250, 250, 250, 250, 250, 250, 250,
	250, 250, 250, 250, 250, 250, 250, 250, 250, 250, 250, 250, 250, 250, 250,
	250, 250, 250, 250, 250, 250, 250, 250, 250, 250, 250, 250, 250, 250, 250,
	250, 250, 250, 250, 250, 250, 250, 250, 250, 250, 250, 250, 250, 250, 250,
	250, 250, 250, 250, 250, 250, 250, 250, 250, 250, 250, 250, 250, 250, 250,
	250, 250, 250, 250, 250, 250, 250, 250, 250, 250, 250, 250, 250, 250, 250,
	250, 250, 250, 250, 250, 250, 250, 250, 250, 250, 250, 250, 250, 250, 250,
	250, 250, 250, 250, 250, 250, 250, 250, 250, 250, 250, 250, 250, 250, 250,
	250, 250, 250, 250, 250, 250, 250, 250, 250, 250, 250, 250, 250, 250, 250,
	250, 250, 250, 250, 250, 250, 250, 250, 250, 250, 250, 250, 250, 250, 250,
	250, 250, 250, 250, 250, 250, 250, 250, 250, 250, 250, 250, 250, 250, 250,
	250, 250, 250, 250, 250, 250, 250, 250, 250, 250, 250, 250, 250, 250, 250,
	250, 250, 250, 250, 250, 250, 250, 250, 250, 250, 250, 250, 250, 250, 250,
	250, 250, 250, 250, 250, 250, 250, 250, 250, 250, 250, 250, 250, 250, 250,
	250, 250, 250, 250, 250, 250, 250, 250, 250, 250, 250, 250, 250, 250, 250,
	250, 250, 250, 250, 250, 250, 250, 250, 250, 250, 250, 250, 250, 250, 250,
	250, 250, 250, 250, 250, 250, 250, 250, 250, 250, 250, 250, 250, 250, 250,
	250, 250, 250, 250, 250, 250, 250, 250, 250, 250, 250, 250, 250, 250, 250,
	250, 250, 250, 250, 250, 250, 250, 250, 250, 250, 250, 250, 250, 250, 250,
	250, 250, 250, 250, 250, 250, 250, 250, 250, 250, 250, 250, 250, 250, 250,
	250, 250, 250, 250, 250, 250, 250, 250, 250, 250, 250, 250, 250, 250, 250,
}
U0_M1_Upper = {
	1750, 1750, 1750, 1750, 1750, 1750, 1750, 1750, 1750, 1750, 1750, 1750, 1750, 1750, 1750,
	1750, 1750, 1750, 1750, 1750, 1750, 1750, 1750, 1750, 1750, 1750, 1750, 1750, 1750, 1750,
	1750, 1750, 1750, 1750, 1750, 1750, 1750, 1750, 1750, 1750, 1750, 1750, 1750, 1750, 1750,
	1750, 1750, 1750, 1750, 1750, 1750, 1750, 1750, 1750, 1750, 1750, 1750, 1750, 1750, 1750,
	1750, 1750, 1750, 1750, 1750, 1750, 1750, 1750, 1750, 1750, 1750, 1750, 1750, 1750, 1750,
	1750, 1750, 1750, 1750, 1750, 1750, 1750, 1750, 1750, 1750, 1750, 1750, 1750, 1750, 1750,
	1750, 1750, 1750, 1750, 1750, 1750, 1750, 1750, 1750, 1750, 1750, 1750, 1750, 1750, 1750,
	1750, 1750, 1750, 1750, 1750, 1750, 1750, 1750, 1750, 1750, 1750, 1750, 1750, 1750, 1750,
	1750, 1750, 1750, 1750, 1750, 1750, 1750, 1750, 1750, 1750, 1750, 1750, 1750, 1750, 1750,
	1750, 1750, 1750, 1750, 1750, 1750, 1750, 1750, 1750, 1750, 1750, 1750, 1750, 1750, 1750,
	1750, 1750, 1750, 1750, 1750, 1750, 1750, 1750, 1750, 1750, 1750, 1750, 1750, 1750, 1750,
	1750, 1750, 1750, 1750, 1750, 1750, 1750, 1750, 1750, 1750, 1750, 1750, 1750, 1750, 1750,
	1750, 1750, 1750, 1750, 1750, 1750, 1750, 1750, 1750, 1750, 1750, 1750, 1750, 1750, 1750,
	1750, 1750, 1750, 1750, 1750, 1750, 1750, 1750, 1750, 1750, 1750, 1750, 1750, 1750, 1750,
	1750, 1750, 1750, 1750, 1750, 1750, 1750, 1750, 1750, 1750, 1750, 1750, 1750, 1750, 1750,
	1750, 1750, 1750, 1750, 1750, 1750, 1750, 1750, 1750, 1750, 1750, 1750, 1750, 1750, 1750,
	1750, 1750, 1750, 1750, 1750, 1750, 1750, 1750, 1750, 1750, 1750, 1750, 1750, 1750, 1750,
	1750, 1750, 1750, 1750, 1750, 1750, 1750, 1750, 1750, 1750, 1750, 1750, 1750, 1750, 1750,
	1750, 1750, 1750, 1750, 1750, 1750, 1750, 1750, 1750, 1750, 1750, 1750, 1750, 1750, 1750,
	1750, 1750, 1750, 1750, 1750, 1750, 1750, 1750, 1750, 1750, 1750, 1750, 1750, 1750, 1750,
	1750, 1750, 1750, 1750, 1750, 1750, 1750, 1750, 1750, 1750, 1750, 1750, 1750, 1750, 1750,
	1750, 1750, 1750, 1750, 1750, 1750, 1750, 1750, 1750, 1750, 1750, 1750, 1750, 1750, 1750,
	1750, 1750, 1750, 1750, 1750, 1750, 1750, 1750, 1750, 1750, 1750, 1750, 1750, 1750, 1750,
	1750, 1750, 1750, 1750, 1750, 1750, 1750, 1750, 1750, 1750, 1750, 1750, 1750, 1750, 1750,
	1750, 1750, 1750, 1750, 1750, 1750, 1750, 1750, 1750, 1750, 1750, 1750, 1750, 1750, 1750,
	1750, 1750, 1750, 1750, 1750, 1750, 1750, 1750, 1750, 1750, 1750, 1750, 1750, 1750, 1750,
}
OPEN_Lower = {
	2900, 2900, 2900, 2900, 2900, 2900, 2900, 2900, 2900, 2900, 2900, 2900, 2900, 2900, 2900,
	2900, 2900, 2900, 2900, 2900, 2900, 2900, 2900, 2900, 2900, 2900, 2900, 2900, 2900, 2900,
	2900, 2900, 2900, 2900, 2900, 2900, 2900, 2900, 2900, 2900, 2900, 2900, 2900, 2900, 2900,
	2900, 2900, 2900, 2900, 2900, 2900, 2900, 2900, 2900, 2900, 2900, 2900, 2900, 2900, 2900,
	2900, 2900, 2900, 2900, 2900, 2900, 2900, 2900, 2900, 2900, 2900, 2900, 2900, 2900, 2900,
	2900, 2900, 2900, 2900, 2900, 2900, 2900, 2900, 2900, 2900, 2900, 2900, 2900, 2900, 2900,
	2900, 2900, 2900, 2900, 2900, 2900, 2900, 2900, 2900, 2900, 2900, 2900, 2900, 2900, 2900,
	2900, 2900, 2900, 2900, 2900, 2900, 2900, 2900, 2900, 2900, 2900, 2900, 2900, 2900, 2900,
	2900, 2900, 2900, 2900, 2900, 2900, 2900, 2900, 2900, 2900, 2900, 2900, 2900, 2900, 2900,
	2900, 2900, 2900, 2900, 2900, 2900, 2900, 2900, 2900, 2900, 2900, 2900, 2900, 2900, 2900,
	2900, 2900, 2900, 2900, 2900, 2900, 2900, 2900, 2900, 2900, 2900, 2900, 2900, 2900, 2900,
	2900, 2900, 2900, 2900, 2900, 2900, 2900, 2900, 2900, 2900, 2900, 2900, 2900, 2900, 2900,
	2900, 2900, 2900, 2900, 2900, 2900, 2900, 2900, 2900, 2900, 2900, 2900, 2900, 2900, 2900,
	2900, 2900, 2900, 2900, 2900, 2900, 2900, 2900, 2900, 2900, 2900, 2900, 2900, 2900, 2900,
	2900, 2900, 2900, 2900, 2900, 2900, 2900, 2900, 2900, 2900, 2900, 2900, 2900, 2900, 2900,
	2900, 2900, 2900, 2900, 2900, 2900, 2900, 2900, 2900, 2900, 2900, 2900, 2900, 2900, 2900,
	2900, 2900, 2900, 2900, 2900, 2900, 2900, 2900, 2900, 2900, 2900, 2900, 2900, 2900, 2900,
	2900, 2900, 2900, 2900, 2900, 2900, 2900, 2900, 2900, 2900, 2900, 2900, 2900, 2900, 2900,
	2900, 2900, 2900, 2900, 2900, 2900, 2900, 2900, 2900, 2900, 2900, 2900, 2900, 2900, 2900,
	2900, 2900, 2900, 2900, 2900, 2900, 2900, 2900, 2900, 2900, 2900, 2900, 2900, 2900, 2900,
	2900, 2900, 2900, 2900, 2900, 2900, 2900, 2900, 2900, 2900, 2900, 2900, 2900, 2900, 2900,
	2900, 2900, 2900, 2900, 2900, 2900, 2900, 2900, 2900, 2900, 2900, 2900, 2900, 2900, 2900,
	2900, 2900, 2900, 2900, 2900, 2900, 2900, 2900, 2900, 2900, 2900, 2900, 2900, 2900, 2900,
	2900, 2900, 2900, 2900, 2900, 2900, 2900, 2900, 2900, 2900, 2900, 2900, 2900, 2900, 2900,
	2900, 2900, 2900, 2900, 2900, 2900, 2900, 2900, 2900, 2900, 2900, 2900, 2900, 2900, 2900,
	2900, 2900, 2900, 2900, 2900, 2900, 2900, 2900, 2900, 2900, 2900, 2900, 2900, 2900, 2900,
}
OPEN_Upper = {
	4400, 4400, 4400, 4400, 4400, 4400, 4400, 4400, 4400, 4400, 4400, 4400, 4400, 4400, 4400,
	4400, 4400, 4400, 4400, 4400, 4400, 4400, 4400, 4400, 4400, 4400, 4400, 4400, 4400, 4400,
	4400, 4400, 4400, 4400, 4400, 4400, 4400, 4400, 4400, 4400, 4400, 4400, 4400, 4400, 4400,
	4400, 4400, 4400, 4400, 4400, 4400, 4400, 4400, 4400, 4400, 4400, 4400, 4400, 4400, 4400,
	4400, 4400, 4400, 4400, 4400, 4400, 4400, 4400, 4400, 4400, 4400, 4400, 4400, 4400, 4400,
	4400, 4400, 4400, 4400, 4400, 4400, 4400, 4400, 4400, 4400, 4400, 4400, 4400, 4400, 4400,
	4400, 4400, 4400, 4400, 4400, 4400, 4400, 4400, 4400, 4400, 4400, 4400, 4400, 4400, 4400,
	4400, 4400, 4400, 4400, 4400, 4400, 4400, 4400, 4400, 4400, 4400, 4400, 4400, 4400, 4400,
	4400, 4400, 4400, 4400, 4400, 4400, 4400, 4400, 4400, 4400, 4400, 4400, 4400, 4400, 4400,
	4400, 4400, 4400, 4400, 4400, 4400, 4400, 4400, 4400, 4400, 4400, 4400, 4400, 4400, 4400,
	4400, 4400, 4400, 4400, 4400, 4400, 4400, 4400, 4400, 4400, 4400, 4400, 4400, 4400, 4400,
	4400, 4400, 4400, 4400, 4400, 4400, 4400, 4400, 4400, 4400, 4400, 4400, 4400, 4400, 4400,
	4400, 4400, 4400, 4400, 4400, 4400, 4400, 4400, 4400, 4400, 4400, 4400, 4400, 4400, 4400,
	4400, 4400, 4400, 4400, 4400, 4400, 4400, 4400, 4400, 4400, 4400, 4400, 4400, 4400, 4400,
	4400, 4400, 4400, 4400, 4400, 4400, 4400, 4400, 4400, 4400, 4400, 4400, 4400, 4400, 4400,
	4400, 4400, 4400, 4400, 4400, 4400, 4400, 4400, 4400, 4400, 4400, 4400, 4400, 4400, 4400,
	4400, 4400, 4400, 4400, 4400, 4400, 4400, 4400, 4400, 4400, 4400, 4400, 4400, 4400, 4400,
	4400, 4400, 4400, 4400, 4400, 4400, 4400, 4400, 4400, 4400, 4400, 4400, 4400, 4400, 4400,
	4400, 4400, 4400, 4400, 4400, 4400, 4400, 4400, 4400, 4400, 4400, 4400, 4400, 4400, 4400,
	4400, 4400, 4400, 4400, 4400, 4400, 4400, 4400, 4400, 4400, 4400, 4400, 4400, 4400, 4400,
	4400, 4400, 4400, 4400, 4400, 4400, 4400, 4400, 4400, 4400, 4400, 4400, 4400, 4400, 4400,
	4400, 4400, 4400, 4400, 4400, 4400, 4400, 4400, 4400, 4400, 4400, 4400, 4400, 4400, 4400,
	4400, 4400, 4400, 4400, 4400, 4400, 4400, 4400, 4400, 4400, 4400, 4400, 4400, 4400, 4400,
	4400, 4400, 4400, 4400, 4400, 4400, 4400, 4400, 4400, 4400, 4400, 4400, 4400, 4400, 4400,
	4400, 4400, 4400, 4400, 4400, 4400, 4400, 4400, 4400, 4400, 4400, 4400, 4400, 4400, 4400,
	4400, 4400, 4400, 4400, 4400, 4400, 4400, 4400, 4400, 4400, 4400, 4400, 4400, 4400, 4400,
}
SHORT_Lower = {
	1830, 1830, 1830, 1830, 1830, 1830, 1830, 1830, 1830, 1830, 1830, 1830, 1830, 1830, 1830,
	1830, 1830, 1830, 1830, 1830, 1830, 1830, 1830, 1830, 1830, 1830, 1830, 1830, 1830, 1830,
	1830, 1830, 1830, 1830, 1830, 1830, 1830, 1830, 1830, 1830, 1830, 1830, 1830, 1830, 1830,
	1830, 1830, 1830, 1830, 1830, 1830, 1830, 1830, 1830, 1830, 1830, 1830, 1830, 1830, 1830,
	1830, 1830, 1830, 1830, 1830, 1830, 1830, 1830, 1830, 1830, 1830, 1830, 1830, 1830, 1830,
	1830, 1830, 1830, 1830, 1830, 1830, 1830, 1830, 1830, 1830, 1830, 1830, 1830, 1830, 1830,
	1830, 1830, 1830, 1830, 1830, 1830, 1830, 1830, 1830, 1830, 1830, 1830, 1830, 1830, 1830,
	1830, 1830, 1830, 1830, 1830, 1830, 1830, 1830, 1830, 1830, 1830, 1830, 1830, 1830, 1830,
	1830, 1830, 1830, 1830, 1830, 1830, 1830, 1830, 1830, 1830, 1830, 1830, 1830, 1830, 1830,
	1830, 1830, 1830, 1830, 1830, 1830, 1830, 1830, 1830, 1830, 1830, 1830, 1830, 1830, 1830,
	1830, 1830, 1830, 1830, 1830, 1830, 1830, 1830, 1830, 1830, 1830, 1830, 1830, 1830, 1830,
	1830, 1830, 1830, 1830, 1830, 1830, 1830, 1830, 1830, 1830, 1830, 1830, 1830, 1830, 1830,
	1830, 1830, 1830, 1830, 1830, 1830, 1830, 1830, 1830, 1830, 1830, 1830, 1830, 1830, 1830,
	1830, 1830, 1830, 1830, 1830, 1830, 1830, 1830, 1830, 1830, 1830, 1830, 1830, 1830, 1830,
	1830, 1830, 1830, 1830, 1830, 1830, 1830, 1830, 1830, 1830, 1830, 1830, 1830, 1830, 1830,
	1830, 1830, 1830, 1830, 1830, 1830, 1830, 1830, 1830, 1830, 1830, 1830, 1830, 1830, 1830,
	1830, 1830, 1830, 1830, 1830, 1830, 1830, 1830, 1830, 1830, 1830, 1830, 1830, 1830, 1830,
	1830, 1830, 1830, 1830, 1830, 1830, 1830, 1830, 1830, 1830, 1830, 1830, 1830, 1830, 1830,
	1830, 1830, 1830, 1830, 1830, 1830, 1830, 1830, 1830, 1830, 1830, 1830, 1830, 1830, 1830,
	1830, 1830, 1830, 1830, 1830, 1830, 1830, 1830, 1830, 1830, 1830, 1830, 1830, 1830, 1830,
	1830, 1830, 1830, 1830, 1830, 1830, 1830, 1830, 1830, 1830, 1830, 1830, 1830, 1830, 1830,
	1830, 1830, 1830, 1830, 1830, 1830, 1830, 1830, 1830, 1830, 1830, 1830, 1830, 1830, 1830,
	1830, 1830, 1830, 1830, 1830, 1830, 1830, 1830, 1830, 1830, 1830, 1830, 1830, 1830, 1830,
	1830, 1830, 1830, 1830, 1830, 1830, 1830, 1830, 1830, 1830, 1830, 1830, 1830, 1830, 1830,
	1830, 1830, 1830, 1830, 1830, 1830, 1830, 1830, 1830, 1830, 1830, 1830, 1830, 1830, 1830,
	1830, 1830, 1830, 1830, 1830, 1830, 1830, 1830, 1830, 1830, 1830, 1830, 1830, 1830, 1830,
}
SHORT_Upper = {
	2070, 2070, 2070, 2070, 2070, 2070, 2070, 2070, 2070, 2070, 2070, 2070, 2070, 2070, 2070,
	2070, 2070, 2070, 2070, 2070, 2070, 2070, 2070, 2070, 2070, 2070, 2070, 2070, 2070, 2070,
	2070, 2070, 2070, 2070, 2070, 2070, 2070, 2070, 2070, 2070, 2070, 2070, 2070, 2070, 2070,
	2070, 2070, 2070, 2070, 2070, 2070, 2070, 2070, 2070, 2070, 2070, 2070, 2070, 2070, 2070,
	2070, 2070, 2070, 2070, 2070, 2070, 2070, 2070, 2070, 2070, 2070, 2070, 2070, 2070, 2070,
	2070, 2070, 2070, 2070, 2070, 2070, 2070, 2070, 2070, 2070, 2070, 2070, 2070, 2070, 2070,
	2070, 2070, 2070, 2070, 2070, 2070, 2070, 2070, 2070, 2070, 2070, 2070, 2070, 2070, 2070,
	2070, 2070, 2070, 2070, 2070, 2070, 2070, 2070, 2070, 2070, 2070, 2070, 2070, 2070, 2070,
	2070, 2070, 2070, 2070, 2070, 2070, 2070, 2070, 2070, 2070, 2070, 2070, 2070, 2070, 2070,
	2070, 2070, 2070, 2070, 2070, 2070, 2070, 2070, 2070, 2070, 2070, 2070, 2070, 2070, 2070,
	2070, 2070, 2070, 2070, 2070, 2070, 2070, 2070, 2070, 2070, 2070, 2070, 2070, 2070, 2070,
	2070, 2070, 2070, 2070, 2070, 2070, 2070, 2070, 2070, 2070, 2070, 2070, 2070, 2070, 2070,
	2070, 2070, 2070, 2070, 2070, 2070, 2070, 2070, 2070, 2070, 2070, 2070, 2070, 2070, 2070,
	2070, 2070, 2070, 2070, 2070, 2070, 2070, 2070, 2070, 2070, 2070, 2070, 2070, 2070, 2070,
	2070, 2070, 2070, 2070, 2070, 2070, 2070, 2070, 2070, 2070, 2070, 2070, 2070, 2070, 2070,
	2070, 2070, 2070, 2070, 2070, 2070, 2070, 2070, 2070, 2070, 2070, 2070, 2070, 2070, 2070,
	2070, 2070, 2070, 2070, 2070, 2070, 2070, 2070, 2070, 2070, 2070, 2070, 2070, 2070, 2070,
	2070, 2070, 2070, 2070, 2070, 2070, 2070, 2070, 2070, 2070, 2070, 2070, 2070, 2070, 2070,
	2070, 2070, 2070, 2070, 2070, 2070, 2070, 2070, 2070, 2070, 2070, 2070, 2070, 2070, 2070,
	2070, 2070, 2070, 2070, 2070, 2070, 2070, 2070, 2070, 2070, 2070, 2070, 2070, 2070, 2070,
	2070, 2070, 2070, 2070, 2070, 2070, 2070, 2070, 2070, 2070, 2070, 2070, 2070, 2070, 2070,
	2070, 2070, 2070, 2070, 2070, 2070, 2070, 2070, 2070, 2070, 2070, 2070, 2070, 2070, 2070,
	2070, 2070, 2070, 2070, 2070, 2070, 2070, 2070, 2070, 2070, 2070, 2070, 2070, 2070, 2070,
	2070, 2070, 2070, 2070, 2070, 2070, 2070, 2070, 2070, 2070, 2070, 2070, 2070, 2070, 2070,
	2070, 2070, 2070, 2070, 2070, 2070, 2070, 2070, 2070, 2070, 2070, 2070, 2070, 2070, 2070,
	2070, 2070, 2070, 2070, 2070, 2070, 2070, 2070, 2070, 2070, 2070, 2070, 2070, 2070, 2070,
}
U3_BLU_JITTER_Lower = {
	0, 0, 0, 0, 0, 0, 0, 0, 0, 0, 0, 0, 0, 0, 0,
	0, 0, 0, 0, 0, 0, 0, 0, 0, 0, 0, 0, 0, 0, 0,
	0, 0, 0, 0, 0, 0, 0, 0, 0, 0, 0, 0, 0, 0, 0,
	0, 0, 0, 0, 0, 0, 0, 0, 0, 0, 0, 0, 0, 0, 0,
	0, 0, 0, 0, 0, 0, 0, 0, 0, 0, 0, 0, 0, 0, 0,
	0, 0, 0, 0, 0, 0, 0, 0, 0, 0, 0, 0, 0, 0, 0,
	0, 0, 0, 0, 0, 0, 0, 0, 0, 0, 0, 0, 0, 0, 0,
	0, 0, 0, 0, 0, 0, 0, 0, 0, 0, 0, 0, 0, 0, 0,
	0, 0, 0, 0, 0, 0, 0, 0, 0, 0, 0, 0, 0, 0, 0,
	0, 0, 0, 0, 0, 0, 0, 0, 0, 0, 0, 0, 0, 0, 0,
	0, 0, 0, 0, 0, 0, 0, 0, 0, 0, 0, 0, 0, 0, 0,
	0, 0, 0, 0, 0, 0, 0, 0, 0, 0, 0, 0, 0, 0, 0,
	0, 0, 0, 0, 0, 0, 0, 0, 0, 0, 0, 0, 0, 0, 0,
	0, 0, 0, 0, 0, 0, 0, 0, 0, 0, 0, 0, 0, 0, 0,
	0, 0, 0, 0, 0, 0, 0, 0, 0, 0, 0, 0, 0, 0, 0,
	0, 0, 0, 0, 0, 0, 0, 0, 0, 0, 0, 0, 0, 0, 0,
	0, 0, 0, 0, 0, 0, 0, 0, 0, 0, 0, 0, 0, 0, 0,
	0, 0, 0, 0, 0, 0, 0, 0, 0, 0, 0, 0, 0, 0, 0,
	0, 0, 0, 0, 0, 0, 0, 0, 0, 0, 0, 0, 0, 0, 0,
	0, 0, 0, 0, 0, 0, 0, 0, 0, 0, 0, 0, 0, 0, 0,
	0, 0, 0, 0, 0, 0, 0, 0, 0, 0, 0, 0, 0, 0, 0,
	0, 0, 0, 0, 0, 0, 0, 0, 0, 0, 0, 0, 0, 0, 0,
	0, 0, 0, 0, 0, 0, 0, 0, 0, 0, 0, 0, 0, 0, 0,
	0, 0, 0, 0, 0, 0, 0, 0, 0, 0, 0, 0, 0, 0, 0,
	0, 0, 0, 0, 0, 0, 0, 0, 0, 0, 0, 0, 0, 0, 0,
	0, 0, 0, 0, 0, 0, 0, 0, 0, 0, 0, 0, 0, 0, 0,
}
U3_BLU_JITTER_Upper = {
	70, 70, 70, 70, 70, 70, 70, 70, 70, 70, 70, 70, 70, 70, 70,
	70, 70, 70, 70, 70, 70, 70, 70, 70, 70, 70, 70, 70, 70, 70,
	70, 70, 70, 70, 70, 70, 70, 70, 70, 70, 70, 70, 70, 70, 70,
	70, 70, 70, 70, 70, 70, 70, 70, 70, 70, 70, 70, 70, 70, 70,
	70, 70, 70, 70, 70, 70, 70, 70, 70, 70, 70, 70, 70, 70, 70,
	70, 70, 70, 70, 70, 70, 70, 70, 70, 70, 70, 70, 70, 70, 70,
	70, 70, 70, 70, 70, 70, 70, 70, 70, 70, 70, 70, 70, 70, 70,
	70, 70, 70, 70, 70, 70, 70, 70, 70, 70, 70, 70, 70, 70, 70,
	70, 70, 70, 70, 70, 70, 70, 70, 70, 70, 70, 70, 70, 70, 70,
	70, 70, 70, 70, 70, 70, 70, 70, 70, 70, 70, 70, 70, 70, 70,
	70, 70, 70, 70, 70, 70, 70, 70, 70, 70, 70, 70, 70, 70, 70,
	70, 70, 70, 70, 70, 70, 70, 70, 70, 70, 70, 70, 70, 70, 70,
	70, 70, 70, 70, 70, 70, 70, 70, 70, 70, 70, 70, 70, 70, 70,
	70, 70, 70, 70, 70, 70, 70, 70, 70, 70, 70, 70, 70, 70, 70,
	70, 70, 70, 70, 70, 70, 70, 70, 70, 70, 70, 70, 70, 70, 70,
	70, 70, 70, 70, 70, 70, 70, 70, 70, 70, 70, 70, 70, 70, 70,
	70, 70, 70, 70, 70, 70, 70, 70, 70, 70, 70, 70, 70, 70, 70,
	70, 70, 70, 70, 70, 70, 70, 70, 70, 70, 70, 70, 70, 70, 70,
	70, 70, 70, 70, 70, 70, 70, 70, 70, 70, 70, 70, 70, 70, 70,
	70, 70, 70, 70, 70, 70, 70, 70, 70, 70, 70, 70, 70, 70, 70,
	70, 70, 70, 70, 70, 70, 70, 70, 70, 70, 70, 70, 70, 70, 70,
	70, 70, 70, 70, 70, 70, 70, 70, 70, 70, 70, 70, 70, 70, 70,
	70, 70, 70, 70, 70, 70, 70, 70, 70, 70, 70, 70, 70, 70, 70,
	70, 70, 70, 70, 70, 70, 70, 70, 70, 70, 70, 70, 70, 70, 70,
	70, 70, 70, 70, 70, 70, 70, 70, 70, 70, 70, 70, 70, 70, 70,
	70, 70, 70, 70, 70, 70, 70, 70, 70, 70, 70, 70, 70, 70, 70,
}
U3_JITTER_Lower = {
	0, 0, 0, 0, 0, 0, 0, 0, 0, 0, 0, 0, 0, 0, 0,
	0, 0, 0, 0, 0, 0, 0, 0, 0, 0, 0, 0, 0, 0, 0,
	0, 0, 0, 0, 0, 0, 0, 0, 0, 0, 0, 0, 0, 0, 0,
	0, 0, 0, 0, 0, 0, 0, 0, 0, 0, 0, 0, 0, 0, 0,
	0, 0, 0, 0, 0, 0, 0, 0, 0, 0, 0, 0, 0, 0, 0,
	0, 0, 0, 0, 0, 0, 0, 0, 0, 0, 0, 0, 0, 0, 0,
	0, 0, 0, 0, 0, 0, 0, 0, 0, 0, 0, 0, 0, 0, 0,
	0, 0, 0, 0, 0, 0, 0, 0, 0, 0, 0, 0, 0, 0, 0,
	0, 0, 0, 0, 0, 0, 0, 0, 0, 0, 0, 0, 0, 0, 0,
	0, 0, 0, 0, 0, 0, 0, 0, 0, 0, 0, 0, 0, 0, 0,
	0, 0, 0, 0, 0, 0, 0, 0, 0, 0, 0, 0, 0, 0, 0,
	0, 0, 0, 0, 0, 0, 0, 0, 0, 0, 0, 0, 0, 0, 0,
	0, 0, 0, 0, 0, 0, 0, 0, 0, 0, 0, 0, 0, 0, 0,
	0, 0, 0, 0, 0, 0, 0, 0, 0, 0, 0, 0, 0, 0, 0,
	0, 0, 0, 0, 0, 0, 0, 0, 0, 0, 0, 0, 0, 0, 0,
	0, 0, 0, 0, 0, 0, 0, 0, 0, 0, 0, 0, 0, 0, 0,
	0, 0, 0, 0, 0, 0, 0, 0, 0, 0, 0, 0, 0, 0, 0,
	0, 0, 0, 0, 0, 0, 0, 0, 0, 0, 0, 0, 0, 0, 0,
	0, 0, 0, 0, 0, 0, 0, 0, 0, 0, 0, 0, 0, 0, 0,
	0, 0, 0, 0, 0, 0, 0, 0, 0, 0, 0, 0, 0, 0, 0,
	0, 0, 0, 0, 0, 0, 0, 0, 0, 0, 0, 0, 0, 0, 0,
	0, 0, 0, 0, 0, 0, 0, 0, 0, 0, 0, 0, 0, 0, 0,
	0, 0, 0, 0, 0, 0, 0, 0, 0, 0, 0, 0, 0, 0, 0,
	0, 0, 0, 0, 0, 0, 0, 0, 0, 0, 0, 0, 0, 0, 0,
	0, 0, 0, 0, 0, 0, 0, 0, 0, 0, 0, 0, 0, 0, 0,
	0, 0, 0, 0, 0, 0, 0, 0, 0, 0, 0, 0, 0, 0, 0,
}
U3_JITTER_Upper = {
	70, 70, 70, 70, 70, 70, 70, 70, 70, 70, 70, 70, 70, 70, 70,
	70, 70, 70, 70, 70, 70, 70, 70, 70, 70, 70, 70, 70, 70, 70,
	70, 70, 70, 70, 70, 70, 70, 70, 70, 70, 70, 70, 70, 70, 70,
	70, 70, 70, 70, 70, 70, 70, 70, 70, 70, 70, 70, 70, 70, 70,
	70, 70, 70, 70, 70, 70, 70, 70, 70, 70, 70, 70, 70, 70, 70,
	70, 70, 70, 70, 70, 70, 70, 70, 70, 70, 70, 70, 70, 70, 70,
	70, 70, 70, 70, 70, 70, 70, 70, 70, 70, 70, 70, 70, 70, 70,
	70, 70, 70, 70, 70, 70, 70, 70, 70, 70, 70, 70, 70, 70, 70,
	70, 70, 70, 70, 70, 70, 70, 70, 70, 70, 70, 70, 70, 70, 70,
	70, 70, 70, 70, 70, 70, 70, 70, 70, 70, 70, 70, 70, 70, 70,
	70, 70, 70, 70, 70, 70, 70, 70, 70, 70, 70, 70, 70, 70, 70,
	70, 70, 70, 70, 70, 70, 70, 70, 70, 70, 70, 70, 70, 70, 70,
	70, 70, 70, 70, 70, 70, 70, 70, 70, 70, 70, 70, 70, 70, 70,
	70, 70, 70, 70, 70, 70, 70, 70, 70, 70, 70, 70, 70, 70, 70,
	70, 70, 70, 70, 70, 70, 70, 70, 70, 70, 70, 70, 70, 70, 70,
	70, 70, 70, 70, 70, 70, 70, 70, 70, 70, 70, 70, 70, 70, 70,
	70, 70, 70, 70, 70, 70, 70, 70, 70, 70, 70, 70, 70, 70, 70,
	70, 70, 70, 70, 70, 70, 70, 70, 70, 70, 70, 70, 70, 70, 70,
	70, 70, 70, 70, 70, 70, 70, 70, 70, 70, 70, 70, 70, 70, 70,
	70, 70, 70, 70, 70, 70, 70, 70, 70, 70, 70, 70, 70, 70, 70,
	70, 70, 70, 70, 70, 70, 70, 70, 70, 70, 70, 70, 70, 70, 70,
	70, 70, 70, 70, 70, 70, 70, 70, 70, 70, 70, 70, 70, 70, 70,
	70, 70, 70, 70, 70, 70, 70, 70, 70, 70, 70, 70, 70, 70, 70,
	70, 70, 70, 70, 70, 70, 70, 70, 70, 70, 70, 70, 70, 70, 70,
	70, 70, 70, 70, 70, 70, 70, 70, 70, 70, 70, 70, 70, 70, 70,
	70, 70, 70, 70, 70, 70, 70, 70, 70, 70, 70, 70, 70, 70, 70,
}
U0_JITTER_Lower = {
	0, 0, 0, 0, 0, 0, 0, 0, 0, 0, 0, 0, 0, 0, 0,
	0, 0, 0, 0, 0, 0, 0, 0, 0, 0, 0, 0, 0, 0, 0,
	0, 0, 0, 0, 0, 0, 0, 0, 0, 0, 0, 0, 0, 0, 0,
	0, 0, 0, 0, 0, 0, 0, 0, 0, 0, 0, 0, 0, 0, 0,
	0, 0, 0, 0, 0, 0, 0, 0, 0, 0, 0, 0, 0, 0, 0,
	0, 0, 0, 0, 0, 0, 0, 0, 0, 0, 0, 0, 0, 0, 0,
	0, 0, 0, 0, 0, 0, 0, 0, 0, 0, 0, 0, 0, 0, 0,
	0, 0, 0, 0, 0, 0, 0, 0, 0, 0, 0, 0, 0, 0, 0,
	0, 0, 0, 0, 0, 0, 0, 0, 0, 0, 0, 0, 0, 0, 0,
	0, 0, 0, 0, 0, 0, 0, 0, 0, 0, 0, 0, 0, 0, 0,
	0, 0, 0, 0, 0, 0, 0, 0, 0, 0, 0, 0, 0, 0, 0,
	0, 0, 0, 0, 0, 0, 0, 0, 0, 0, 0, 0, 0, 0, 0,
	0, 0, 0, 0, 0, 0, 0, 0, 0, 0, 0, 0, 0, 0, 0,
	0, 0, 0, 0, 0, 0, 0, 0, 0, 0, 0, 0, 0, 0, 0,
	0, 0, 0, 0, 0, 0, 0, 0, 0, 0, 0, 0, 0, 0, 0,
	0, 0, 0, 0, 0, 0, 0, 0, 0, 0, 0, 0, 0, 0, 0,
	0, 0, 0, 0, 0, 0, 0, 0, 0, 0, 0, 0, 0, 0, 0,
	0, 0, 0, 0, 0, 0, 0, 0, 0, 0, 0, 0, 0, 0, 0,
	0, 0, 0, 0, 0, 0, 0, 0, 0, 0, 0, 0, 0, 0, 0,
	0, 0, 0, 0, 0, 0, 0, 0, 0, 0, 0, 0, 0, 0, 0,
	0, 0, 0, 0, 0, 0, 0, 0, 0, 0, 0, 0, 0, 0, 0,
	0, 0, 0, 0, 0, 0, 0, 0, 0, 0, 0, 0, 0, 0, 0,
	0, 0, 0, 0, 0, 0, 0, 0, 0, 0, 0, 0, 0, 0, 0,
	0, 0, 0, 0, 0, 0, 0, 0, 0, 0, 0, 0, 0, 0, 0,
	0, 0, 0, 0, 0, 0, 0, 0, 0, 0, 0, 0, 0, 0, 0,
	0, 0, 0, 0, 0, 0, 0, 0, 0, 0, 0, 0, 0, 0, 0,
}
U0_JITTER_Upper = {
	80, 80, 80, 80, 80, 80, 80, 80, 80, 80, 80, 80, 80, 80, 80,
	80, 80, 80, 80, 80, 80, 80, 80, 80, 80, 80, 80, 80, 80, 80,
	80, 80, 80, 80, 80, 80, 80, 80, 80, 80, 80, 80, 80, 80, 80,
	80, 80, 80, 80, 80, 80, 80, 80, 80, 80, 80, 80, 80, 80, 80,
	80, 80, 80, 80, 80, 80, 80, 80, 80, 80, 80, 80, 80, 80, 80,
	80, 80, 80, 80, 80, 80, 80, 80, 80, 80, 80, 80, 80, 80, 80,
	80, 80, 80, 80, 80, 80, 80, 80, 80, 80, 80, 80, 80, 80, 80,
	80, 80, 80, 80, 80, 80, 80, 80, 80, 80, 80, 80, 80, 80, 80,
	80, 80, 80, 80, 80, 80, 80, 80, 80, 80, 80, 80, 80, 80, 80,
	80, 80, 80, 80, 80, 80, 80, 80, 80, 80, 80, 80, 80, 80, 80,
	80, 80, 80, 80, 80, 80, 80, 80, 80, 80, 80, 80, 80, 80, 80,
	80, 80, 80, 80, 80, 80, 80, 80, 80, 80, 80, 80, 80, 80, 80,
	80, 80, 80, 80, 80, 80, 80, 80, 80, 80, 80, 80, 80, 80, 80,
	80, 80, 80, 80, 80, 80, 80, 80, 80, 80, 80, 80, 80, 80, 80,
	80, 80, 80, 80, 80, 80, 80, 80, 80, 80, 80, 80, 80, 80, 80,
	80, 80, 80, 80, 80, 80, 80, 80, 80, 80, 80, 80, 80, 80, 80,
	80, 80, 80, 80, 80, 80, 80, 80, 80, 80, 80, 80, 80, 80, 80,
	80, 80, 80, 80, 80, 80, 80, 80, 80, 80, 80, 80, 80, 80, 80,
	80, 80, 80, 80, 80, 80, 80, 80, 80, 80, 80, 80, 80, 80, 80,
	80, 80, 80, 80, 80, 80, 80, 80, 80, 80, 80, 80, 80, 80, 80,
	80, 80, 80, 80, 80, 80, 80, 80, 80, 80, 80, 80, 80, 80, 80,
	80, 80, 80, 80, 80, 80, 80, 80, 80, 80, 80, 80, 80, 80, 80,
	80, 80, 80, 80, 80, 80, 80, 80, 80, 80, 80, 80, 80, 80, 80,
	80, 80, 80, 80, 80, 80, 80, 80, 80, 80, 80, 80, 80, 80, 80,
	80, 80, 80, 80, 80, 80, 80, 80, 80, 80, 80, 80, 80, 80, 80,
	80, 80, 80, 80, 80, 80, 80, 80, 80, 80, 80, 80, 80, 80, 80,
}
AVERAGE_JITTER = {
	40, 40, 40, 40, 40, 40, 40, 40, 40, 40, 40, 40, 40, 40, 40,
	40, 40, 40, 40, 40, 40, 40, 40, 40, 40, 40, 40, 40, 40, 40,
	40, 40, 40, 40, 40, 40, 40, 40, 40, 40, 40, 40, 40, 40, 40,
	40, 40, 40, 40, 40, 40, 40, 40, 40, 40, 40, 40, 40, 40, 40,
	40, 40, 40, 40, 40, 40, 40, 40, 40, 40, 40, 40, 40, 40, 40,
	40, 40, 40, 40, 40, 40, 40, 40, 40, 40, 40, 40, 40, 40, 40,
	40, 40, 40, 40, 40, 40, 40, 40, 40, 40, 40, 40, 40, 40, 40,
	40, 40, 40, 40, 40, 40, 40, 40, 40, 40, 40, 40, 40, 40, 40,
	40, 40, 40, 40, 40, 40, 40, 40, 40, 40, 40, 40, 40, 40, 40,
	40, 40, 40, 40, 40, 40, 40, 40, 40, 40, 40, 40, 40, 40, 40,
	40, 40, 40, 40, 40, 40, 40, 40, 40, 40, 40, 40, 40, 40, 40,
	40, 40, 40, 40, 40, 40, 40, 40, 40, 40, 40, 40, 40, 40, 40,
	40, 40, 40, 40, 40, 40, 40, 40, 40, 40, 40, 40, 40, 40, 40,
	40, 40, 40, 40, 40, 40, 40, 40, 40, 40, 40, 40, 40, 40, 40,
	40, 40, 40, 40, 40, 40, 40, 40, 40, 40, 40, 40, 40, 40, 40,
	40, 40, 40, 40, 40, 40, 40, 40, 40, 40, 40, 40, 40, 40, 40,
	40, 40, 40, 40, 40, 40, 40, 40, 40, 40, 40, 40, 40, 40, 40,
	40, 40, 40, 40, 40, 40, 40, 40, 40, 40, 40, 40, 40, 40, 40,
	40, 40, 40, 40, 40, 40, 40, 40, 40, 40, 40, 40, 40, 40, 40,
	40, 40, 40, 40, 40, 40, 40, 40, 40, 40, 40, 40, 40, 40, 40,
	40, 40, 40, 40, 40, 40, 40, 40, 40, 40, 40, 40, 40, 40, 40,
	40, 40, 40, 40, 40, 40, 40, 40, 40, 40, 40, 40, 40, 40, 40,
	40, 40, 40, 40, 40, 40, 40, 40, 40, 40, 40, 40, 40, 40, 40,
	40, 40, 40, 40, 40, 40, 40, 40, 40, 40, 40, 40, 40, 40, 40,
	40, 40, 40, 40, 40, 40, 40, 40, 40, 40, 40, 40, 40, 40, 40,
	40, 40, 40, 40, 40, 40, 40, 40, 40, 40, 40, 40, 40, 40, 40,
}